# Created by Octave 4.2.1, Mon Jan 22 23:12:38 2018 IST <stark@Jarvis>
# name: X
# type: matrix
# rows: 5
# columns: 2
 1 5.627263634808244
 1 1.899850299009787
 1 4.205199594087218
 1 9.480130854086914
 1 6.449592732121202


# name: alpha
# type: scalar
0.01


# name: ans
# type: scalar
0.01


# name: cost
# type: scalar
1.206274707517536


# name: costHistory
# type: matrix
# rows: 1
# columns: 100
 102.4465278215776 40.75899508167048 16.8278044393418 7.54182030003815 3.936533000634316 2.534725521642781 1.987630461453017 1.772078408295534 1.685138698485651 1.648097123682615 1.630421426963282 1.620268505311533 1.613044536138416 1.60696759879354 1.601346473024829 1.595913007233548 1.590563152782738 1.585256514565131 1.579977387971438 1.574719645635479 1.569480875198335 1.564260105422713 1.559056924181838 1.553871136338382 1.548702631039749 1.54355133024326 1.538417168749329 1.533300086456224 1.528200025355394 1.523116928365615 1.518050738880371 1.513001400591929 1.507968857422702 1.502953053498254 1.497953933136446 1.49297144084285 1.488005521308594 1.483056119409149 1.478123180203492 1.473206648933396 1.468306471022791 1.463422592077157 1.458554957882895 1.453703514406728 1.448868207795118 1.444048984373649 1.439245790646436 1.434458573295529 1.429687279180328 1.424931855336992 1.420192248977839 1.415468407490782 1.410760278438719 1.406067809558975 1.401390948762703 1.396729644134322 1.392083843930923 1.387453496581709 1.382838550687423 1.378238955019764 1.37365465852083 1.369085610302545 1.364531759646104 1.359993056001393 1.355469448986445 1.350960888386872 1.346467324155304 1.341988706410845 1.337524985438512 1.333076111688679 1.32864203577654 1.324222708481542 1.319818080746858 1.315428103678832 1.311052728546433 1.306691906780727 1.302345589974326 1.298013729880853 1.293696278414406 1.289393187649033 1.285104409818195 1.280829897314222 1.276569602687808 1.272323478647461 1.268091478059007 1.263873553945034 1.259669659484392 1.255479748011673 1.251303773016676 1.247141688143912 1.242993447192072 1.238859004113527 1.234738313013811 1.230631328151112 1.226538003935762 1.222458294929734 1.218392155846136 1.214339541548719 1.210300407051346 1.206274707517536


# name: i
# type: scalar
100


# name: iterations
# type: scalar
100


# name: weights
# type: matrix
# rows: 2
# columns: 1
 1.23535546151612
 3.567207912886885


# name: x
# type: matrix
# rows: 5
# columns: 1
 5.627263634808244
 1.899850299009787
 4.205199594087218
 9.480130854086914
 6.449592732121202


# name: y
# type: matrix
# rows: 5
# columns: 1
 21.88179090442473
 10.69955089702936
 17.61559878226165
 33.44039256226074
 24.3487781963636


